1.5498    0.9091    0.6629    0.5274    0.4402    0.3788    0.3330    0.2975    0.2690    0.2456
0.9091    0.5580    0.4167    0.3365    0.2839    0.2462    0.2178    0.1955    0.1775    0.1626
0.6629    0.4167    0.3150    0.2564    0.2175    0.1894    0.1681    0.1513    0.1377    0.1263
0.5274    0.3365    0.2564    0.2098    0.1786    0.1560    0.1387    0.1250    0.1139    0.1047
0.4402    0.2839    0.2175    0.1786    0.1524    0.1333    0.1187    0.1072    0.0977    0.0899
0.3788    0.2462    0.1894    0.1560    0.1333    0.1168    0.1042    0.0941    0.0859    0.0790
0.3330    0.2178    0.1681    0.1387    0.1187    0.1042    0.0930    0.0840    0.0767    0.0707
0.2975    0.1955    0.1513    0.1250    0.1072    0.0941    0.0840    0.0760    0.0694    0.0640
0.2690    0.1775    0.1377    0.1139    0.0977    0.0859    0.0767    0.0694    0.0635    0.0585
0.2456    0.1626    0.1263    0.1047    0.0899    0.0790    0.0707    0.0640    0.0585    0.0539